0 1061109567
1 1061109567
2 1061109567
3 1061109567
4 1061109567
5 1061109567
6 1061109567
7 1061109567
8 0
9 1061109567
10 1061109567
11 1061109567
12 1061109567
13 1061109567
14 1061109567
15 1061109567
16 1061109567
17 1061109567
18 1061109567
19 1061109567
20 1061109567
21 1061109567
22 1061109567
23 1061109567
24 1061109567
25 1061109567
26 1061109567
27 1061109567
28 1061109567
29 1061109567
30 1061109567
31 1061109567
32 1061109567
33 1061109567
34 1061109567
35 1061109567
36 1061109567
37 1061109567
38 1061109567
39 1061109567
40 1061109567
41 1061109567
42 1061109567
43 1061109567
44 1061109567
45 1061109567
46 1061109567
47 1061109567
48 1061109567
49 1061109567
50 1061109567
51 1061109567
52 1061109567
53 1061109567
54 1061109567
55 1061109567
56 1061109567
57 1061109567
58 1061109567
59 1061109567
60 1061109567
61 1061109567
62 1061109567
63 1061109567
64 1061109567
65 1061109567
66 1061109567
67 1061109567
68 1061109567
69 1061109567
70 1061109567
71 1061109567
72 1061109567
73 1061109567
74 1061109567
75 1061109567
76 1061109567
77 1061109567
78 1061109567
79 1061109567
80 1061109567
81 1061109567
82 1061109567
83 1061109567
84 1061109567
85 1061109567
86 1061109567
87 1061109567
88 1061109567
89 1061109567
90 1061109567
91 1061109567
92 1061109567
93 1061109567
94 1061109567
95 1061109567
96 1061109567
97 1061109567
98 1061109567
99 1061109567
100 1061109567
101 1061109567
102 1061109567
103 1061109567
104 1061109567
105 1061109567
106 1061109567
107 1061109567
108 1061109567
109 1061109567
110 1061109567
111 1061109567
112 1061109567
113 1061109567
114 1061109567
115 1061109567
116 1061109567
117 1061109567
118 1061109567
119 1061109567
120 1061109567
121 1061109567
122 1061109567
123 1061109567
124 1061109567
125 1061109567
126 1061109567
127 1061109567
128 1061109567
129 1061109567
130 1061109567
131 1061109567
132 1061109567
133 1061109567
134 1061109567
135 1061109567
136 1061109567
137 1061109567
138 1061109567
139 1061109567
140 1061109567
141 1061109567
142 1061109567
143 1061109567
144 1061109567
145 1061109567
146 1061109567
147 1061109567
148 1061109567
149 1061109567
150 1061109567
151 1061109567
152 1061109567
153 1061109567
154 1061109567
155 1061109567
156 1061109567
157 1061109567
158 1061109567
159 1061109567
160 1061109567
161 1061109567
162 1061109567
163 1061109567
164 1061109567
165 1061109567
166 1061109567
167 1061109567
168 1061109567
169 1061109567
170 1061109567
171 1061109567
172 1061109567
173 1061109567
174 1061109567
175 1061109567
176 1061109567
177 1061109567
178 1061109567
179 1061109567
180 1061109567
181 1061109567
182 1061109567
183 1061109567
184 1061109567
185 1061109567
186 1061109567
187 1061109567
188 1061109567
189 1061109567
190 1061109567
191 1061109567
192 1061109567
193 1061109567
194 1061109567
195 1061109567
196 1061109567
197 1061109567
198 1061109567
199 1061109567
200 1061109567
201 1061109567
202 1061109567
203 1061109567
204 1061109567
205 1061109567
206 1061109567
207 1061109567
208 1061109567
209 1061109567
210 1061109567
211 1061109567
212 1061109567
213 1061109567
214 1061109567
215 1061109567
216 1061109567
217 1061109567
218 1061109567
219 1061109567
220 1061109567
221 1061109567
222 1061109567
223 1061109567
224 1061109567
225 1061109567
226 1061109567
227 1061109567
228 1061109567
229 1061109567
230 1061109567
231 1061109567
232 1061109567
233 1061109567
234 1061109567
235 1061109567
236 1061109567
237 1061109567
238 1061109567
239 1061109567
240 1061109567
241 1061109567
242 1061109567
243 1061109567
244 1061109567
245 1061109567
246 1061109567
247 1061109567
248 1061109567
249 1061109567
250 1061109567
251 1061109567
252 1061109567
253 1061109567
254 1061109567
255 1061109567
256 1061109567
257 1061109567
258 1061109567
259 1061109567
260 1061109567
261 1061109567
262 1061109567
263 1061109567
264 1061109567
265 1061109567
266 1061109567
267 1061109567
268 1061109567
269 1061109567
270 1061109567
271 1061109567
272 1061109567
273 1061109567
274 1061109567
275 1061109567
276 1061109567
277 1061109567
278 1061109567
279 1061109567
280 1061109567
281 1061109567
282 1061109567
283 1061109567
284 1061109567
285 1061109567
286 1061109567
287 1061109567
288 1061109567
289 1061109567
290 1061109567
291 1061109567
292 1061109567
293 1061109567
294 1061109567
295 1061109567
296 1061109567
297 1061109567
298 1061109567
299 1061109567
300 1061109567
301 1061109567
302 1061109567
303 1061109567
304 1061109567
305 1061109567
306 1061109567
307 1061109567
308 1061109567
309 1061109567
310 1061109567
311 1061109567
312 1061109567
313 1061109567
314 1061109567
315 1061109567
316 1061109567
317 1061109567
318 1061109567
319 1061109567
320 1061109567
321 1061109567
322 1061109567
323 1061109567
324 1061109567
325 1061109567
326 1061109567
327 1061109567
328 1061109567
329 1061109567
330 1061109567
331 1061109567
332 1061109567
333 1061109567
334 1061109567
335 1061109567
336 1061109567
337 1061109567
338 1061109567
339 1061109567
340 1061109567
341 1061109567
342 1061109567
343 1061109567
344 1061109567
345 1061109567
346 1061109567
347 1061109567
348 1061109567
349 1061109567
350 1061109567
351 1061109567
352 1061109567
353 1061109567
354 1061109567
355 1061109567
356 1061109567
357 1061109567
358 1061109567
359 1061109567
360 1061109567
361 1061109567
362 1061109567
363 1061109567
364 1061109567
365 1061109567
366 1061109567
367 1061109567
368 1061109567
369 1061109567
370 1061109567
371 1061109567
372 1061109567
373 1061109567
374 1061109567
375 1061109567
376 1061109567
377 1061109567
378 1061109567
379 1061109567
380 1061109567
381 1061109567
382 1061109567
383 1061109567
384 1061109567
385 1061109567
386 1061109567
387 1061109567
388 1061109567
389 1061109567
390 1061109567
391 1061109567
392 1061109567
393 1061109567
394 1061109567
395 1061109567
396 1061109567
397 1061109567
398 1061109567
399 1061109567
400 1061109567
401 1061109567
402 1061109567
403 1061109567
404 1061109567
405 1061109567
406 1061109567
407 1061109567
408 1061109567
409 1061109567
410 1061109567
411 1061109567
412 1061109567
413 1061109567
414 1061109567
415 1061109567
416 1061109567
417 1061109567
418 1061109567
419 1061109567
420 1061109567
421 1061109567
422 1061109567
423 1061109567
424 1061109567
425 1061109567
426 1061109567
427 1061109567
428 1061109567
429 1061109567
430 1061109567
431 1061109567
432 1061109567
433 1061109567
434 1061109567
435 1061109567
436 1061109567
437 1061109567
438 1061109567
439 1061109567
440 1061109567
441 1061109567
442 1061109567
443 1061109567
444 1061109567
445 1061109567
446 1061109567
447 1061109567
448 1061109567
449 1061109567
450 1061109567
451 1061109567
452 1061109567
453 1061109567
454 1061109567
455 1061109567
456 1061109567
457 1061109567
458 1061109567
459 1061109567
460 1061109567
461 1061109567
462 1061109567
463 1061109567
464 1061109567
465 1061109567
466 1061109567
467 1061109567
468 1061109567
469 1061109567
470 1061109567
471 1061109567
472 1061109567
473 1061109567
474 1061109567
475 1061109567
476 1061109567
477 1061109567
478 1061109567
479 1061109567
480 1061109567
481 1061109567
482 1061109567
483 1061109567
484 1061109567
485 1061109567
486 1061109567
487 1061109567
488 1061109567
489 1061109567
490 1061109567
491 1061109567
492 1061109567
493 1061109567
494 1061109567
495 1061109567
496 1061109567
497 1061109567
498 1061109567
499 1061109567
500 1061109567
501 1061109567
502 1061109567
503 1061109567
504 1061109567
505 1061109567
506 1061109567
507 1061109567
508 1061109567
509 1061109567
510 1061109567
511 1061109567
512 1061109567
513 1061109567
514 1061109567
515 1061109567
516 1061109567
517 1061109567
518 1061109567
519 1061109567
520 1061109567
521 1061109567
522 1061109567
523 1061109567
524 1061109567
525 1061109567
526 1061109567
527 1061109567
528 1061109567
529 1061109567
530 1061109567
531 1061109567
532 1061109567
533 1061109567
534 1061109567
535 1061109567
536 1061109567
537 1061109567
538 1061109567
539 1061109567
540 1061109567
541 1061109567
542 1061109567
543 1061109567
544 1061109567
545 1061109567
546 1061109567
547 1061109567
548 1061109567
549 1061109567
550 1061109567
551 1061109567
552 1061109567
553 1061109567
554 1061109567
555 1061109567
556 1061109567
557 1061109567
558 1061109567
559 1061109567
560 1061109567
561 1061109567
562 1061109567
563 1061109567
564 1061109567
565 1061109567
566 1061109567
567 1061109567
568 1061109567
569 1061109567
570 1061109567
571 1061109567
572 1061109567
573 1061109567
574 1061109567
575 1061109567
576 1061109567
577 1061109567
578 1061109567
579 1061109567
580 1061109567
581 1061109567
582 1061109567
583 1061109567
584 1061109567
585 1061109567
586 1061109567
587 1061109567
588 1061109567
589 1061109567
590 1061109567
591 1061109567
592 1061109567
593 1061109567
594 1061109567
595 1061109567
596 1061109567
597 1061109567
598 1061109567
599 1061109567
600 1061109567
601 1061109567
602 1061109567
603 1061109567
604 1061109567
605 1061109567
606 1061109567
607 1061109567
608 1061109567
609 1061109567
610 1061109567
611 1061109567
612 1061109567
613 1061109567
614 1061109567
615 1061109567
616 1061109567
617 1061109567
618 1061109567
619 1061109567
620 1061109567
621 1061109567
622 1061109567
623 1061109567
624 1061109567
625 1061109567
626 1061109567
627 1061109567
628 1061109567
629 1061109567
630 1061109567
631 1061109567
632 1061109567
633 1061109567
634 1061109567
635 1061109567
636 1061109567
637 1061109567
638 1061109567
639 1061109567
640 1061109567
641 1061109567
642 1061109567
643 1061109567
644 1061109567
645 1061109567
646 1061109567
647 1061109567
648 1061109567
649 1061109567
650 1061109567
651 1061109567
652 1061109567
653 1061109567
654 1061109567
655 1061109567
656 1061109567
657 1061109567
658 1061109567
659 1061109567
660 1061109567
661 1061109567
662 1061109567
663 1061109567
664 1061109567
665 1061109567
666 1061109567
667 1061109567
668 1061109567
669 1061109567
670 1061109567
671 1061109567
672 1061109567
673 1061109567
674 1061109567
675 1061109567
676 1061109567
677 1061109567
678 1061109567
679 1061109567
680 1061109567
681 1061109567
682 1061109567
683 1061109567
684 1061109567
685 1061109567
686 1061109567
687 1061109567
688 1061109567
689 1061109567
690 1061109567
691 1061109567
692 1061109567
693 1061109567
694 1061109567
695 1061109567
696 1061109567
697 1061109567
698 1061109567
699 1061109567
700 1061109567
701 1061109567
702 1061109567
703 1061109567
704 1061109567
705 1061109567
706 1061109567
707 1061109567
708 1061109567
709 1061109567
710 1061109567
711 1061109567
712 1061109567
713 1061109567
714 1061109567
715 1061109567
716 1061109567
717 1061109567
718 1061109567
719 1061109567
720 1061109567
721 1061109567
722 1061109567
723 1061109567
724 1061109567
725 1061109567
726 1061109567
727 1061109567
728 1061109567
729 1061109567
730 1061109567
731 1061109567
732 1061109567
733 1061109567
734 1061109567
735 1061109567
736 1061109567
737 1061109567
738 1061109567
739 1061109567
740 1061109567
741 1061109567
742 1061109567
743 1061109567
744 1061109567
745 1061109567
746 1061109567
747 1061109567
748 1061109567
749 1061109567
750 1061109567
751 1061109567
752 1061109567
753 1061109567
754 1061109567
755 1061109567
756 1061109567
757 1061109567
758 1061109567
759 1061109567
760 1061109567
761 1061109567
762 1061109567
763 1061109567
764 1061109567
765 1061109567
766 1061109567
767 1061109567
768 1061109567
769 1061109567
770 1061109567
771 1061109567
772 1061109567
773 1061109567
774 1061109567
775 1061109567
776 1061109567
777 1061109567
778 1061109567
779 1061109567
780 1061109567
781 1061109567
782 1061109567
783 1061109567
784 1061109567
785 1061109567
786 1061109567
787 1061109567
788 1061109567
789 1061109567
790 1061109567
791 1061109567
792 1061109567
793 1061109567
794 1061109567
795 1061109567
796 1061109567
797 1061109567
798 1061109567
799 1061109567
800 1061109567
801 1061109567
802 1061109567
803 1061109567
804 1061109567
805 1061109567
806 1061109567
807 1061109567
808 1061109567
809 1061109567
810 1061109567
811 1061109567
812 1061109567
813 1061109567
814 1061109567
815 1061109567
816 1061109567
817 1061109567
818 1061109567
819 1061109567
820 1061109567
821 1061109567
822 1061109567
823 1061109567
824 1061109567
825 1061109567
826 1061109567
827 1061109567
828 1061109567
829 1061109567
830 1061109567
831 1061109567
832 1061109567
833 1061109567
834 1061109567
835 1061109567
836 1061109567
837 1061109567
838 1061109567
839 1061109567
840 1061109567
841 1061109567
842 1061109567
843 1061109567
844 1061109567
845 1061109567
846 1061109567
847 1061109567
848 1061109567
849 1061109567
850 1061109567
851 1061109567
852 1061109567
853 1061109567
854 1061109567
855 1061109567
856 1061109567
857 1061109567
858 1061109567
859 1061109567
860 1061109567
861 1061109567
862 1061109567
863 1061109567
864 1061109567
865 1061109567
866 1061109567
867 1061109567
868 1061109567
869 1061109567
870 1061109567
871 1061109567
872 1061109567
873 1061109567
874 1061109567
875 1061109567
876 1061109567
877 1061109567
878 1061109567
879 1061109567
880 1061109567
881 1061109567
882 1061109567
883 1061109567
884 1061109567
885 1061109567
886 1061109567
887 1061109567
888 1061109567
889 1061109567
890 1061109567
891 1061109567
892 1061109567
893 1061109567
894 1061109567
895 1061109567
896 1061109567
897 1061109567
898 1061109567
899 1061109567
900 1061109567
901 1061109567
902 1061109567
903 1061109567
904 1061109567
905 1061109567
906 1061109567
907 1061109567
908 1061109567
909 1061109567
910 1061109567
911 1061109567
912 1061109567
913 1061109567
914 1061109567
915 1061109567
916 1061109567
917 1061109567
918 1061109567
919 1061109567
920 1061109567
921 1061109567
922 1061109567
923 1061109567
924 1061109567
925 1061109567
926 1061109567
927 1061109567
928 1061109567
929 1061109567
930 1061109567
931 1061109567
932 1061109567
933 1061109567
934 1061109567
935 1061109567
936 1061109567
937 1061109567
938 1061109567
939 1061109567
940 1061109567
941 1061109567
942 1061109567
943 1061109567
944 1061109567
945 1061109567
946 1061109567
947 1061109567
948 1061109567
949 1061109567
950 1061109567
951 1061109567
952 1061109567
953 1061109567
954 1061109567
955 1061109567
956 1061109567
957 1061109567
958 1061109567
959 1061109567
960 1061109567
961 1061109567
962 1061109567
963 1061109567
964 1061109567
965 1061109567
966 1061109567
967 1061109567
968 1061109567
969 1061109567
970 1061109567
971 1061109567
972 1061109567
973 1061109567
974 1061109567
975 1061109567
976 1061109567
977 1061109567
978 1061109567
979 1061109567
980 1061109567
981 1061109567
982 1061109567
983 1061109567
984 1061109567
985 1061109567
986 1061109567
987 1061109567
988 1061109567
989 1061109567
990 1061109567
991 1061109567
992 1061109567
993 1061109567
994 1061109567
995 1061109567
996 1061109567
997 1061109567
998 1061109567
999 1061109567
1000 1061109567
1001 1061109567
1002 1061109567
1003 1061109567
1004 1061109567
1005 1061109567
1006 1061109567
1007 1061109567
1008 1061109567
1009 1061109567
1010 1061109567
1011 1061109567
1012 1061109567
1013 1061109567
1014 1061109567
1015 1061109567
1016 1061109567
1017 1061109567
1018 1061109567
1019 1061109567
1020 1061109567
1021 1061109567
1022 1061109567
1023 1061109567
1024 1061109567
1025 1061109567
1026 1061109567
1027 1061109567
1028 1061109567
1029 1061109567
1030 1061109567
1031 1061109567
1032 1061109567
1033 1061109567
1034 1061109567
1035 1061109567
1036 1061109567
1037 1061109567
1038 1061109567
1039 1061109567
1040 1061109567
1041 1061109567
1042 1061109567
1043 1061109567
1044 1061109567
1045 1061109567
1046 1061109567
1047 1061109567
1048 1061109567
1049 1061109567
1050 1061109567
1051 1061109567
1052 1061109567
1053 1061109567
1054 1061109567
1055 1061109567
1056 1061109567
1057 1061109567
1058 1061109567
1059 1061109567
1060 1061109567
1061 1061109567
1062 1061109567
1063 1061109567
1064 1061109567
1065 1061109567
1066 1061109567
1067 1061109567
1068 1061109567
1069 1061109567
1070 1061109567
1071 1061109567
1072 1061109567
1073 1061109567
1074 1061109567
1075 1061109567
1076 1061109567
1077 1061109567
1078 1061109567
1079 1061109567
1080 1061109567
1081 1061109567
1082 1061109567
1083 1061109567
1084 1061109567
1085 1061109567
1086 1061109567
1087 1061109567
1088 1061109567
1089 1061109567
1090 1061109567
1091 1061109567
1092 1061109567
1093 1061109567
1094 1061109567
1095 1061109567
1096 1061109567
1097 1061109567
1098 1061109567
1099 1061109567
1100 1061109567
1101 1061109567
1102 1061109567
1103 1061109567
1104 1061109567
1105 1061109567
1106 1061109567
1107 1061109567
1108 1061109567
1109 1061109567
1110 1061109567
1111 1061109567
1112 1061109567
1113 1061109567
1114 1061109567
1115 1061109567
1116 1061109567
1117 1061109567
1118 1061109567
1119 1061109567
1120 1061109567
1121 1061109567
1122 1061109567
1123 1061109567
1124 1061109567
1125 1061109567
1126 1061109567
1127 1061109567
1128 1061109567
1129 1061109567
1130 1061109567
1131 1061109567
1132 1061109567
1133 1061109567
1134 1061109567
1135 1061109567
1136 1061109567
1137 1061109567
1138 1061109567
1139 1061109567
1140 1061109567
1141 1061109567
1142 1061109567
1143 1061109567
1144 1061109567
1145 1061109567
1146 1061109567
1147 1061109567
1148 1061109567
1149 1061109567
1150 1061109567
1151 1061109567
1152 1061109567
1153 1061109567
1154 1061109567
1155 1061109567
1156 1061109567
1157 1061109567
1158 1061109567
1159 1061109567
1160 1061109567
1161 1061109567
1162 1061109567
1163 1061109567
1164 1061109567
1165 1061109567
1166 1061109567
1167 1061109567
1168 1061109567
1169 1061109567
1170 1061109567
1171 1061109567
1172 1061109567
1173 1061109567
1174 1061109567
1175 1061109567
1176 1061109567
1177 1061109567
1178 1061109567
1179 1061109567
1180 1061109567
1181 1061109567
1182 1061109567
1183 1061109567
1184 1061109567
1185 1061109567
1186 1061109567
1187 1061109567
1188 1061109567
1189 1061109567
1190 1061109567
1191 1061109567
1192 1061109567
1193 1061109567
1194 1061109567
1195 1061109567
1196 1061109567
1197 1061109567
1198 1061109567
1199 1061109567
1200 1061109567
1201 1061109567
1202 1061109567
1203 1061109567
1204 1061109567
1205 1061109567
1206 1061109567
1207 1061109567
1208 1061109567
1209 1061109567
1210 1061109567
1211 1061109567
1212 1061109567
1213 1061109567
1214 1061109567
1215 1061109567
1216 1061109567
1217 1061109567
1218 1061109567
1219 1061109567
1220 1061109567
1221 1061109567
1222 1061109567
1223 1061109567
1224 1061109567
1225 1061109567
1226 1061109567
1227 1061109567
1228 1061109567
1229 1061109567
1230 1061109567
1231 1061109567
1232 1061109567
1233 1061109567
1234 1061109567
1235 1061109567
1236 1061109567
1237 1061109567
1238 1061109567
1239 1061109567
1240 1061109567
1241 1061109567
1242 1061109567
1243 1061109567
1244 1061109567
1245 1061109567
1246 1061109567
1247 1061109567
1248 1061109567
1249 1061109567
1250 1061109567
1251 1061109567
1252 1061109567
1253 1061109567
1254 1061109567
1255 1061109567
1256 1061109567
1257 1061109567
1258 1061109567
1259 1061109567
1260 1061109567
1261 1061109567
1262 1061109567
1263 1061109567
1264 1061109567
1265 1061109567
1266 1061109567
1267 1061109567
1268 1061109567
1269 1061109567
1270 1061109567
1271 1061109567
1272 1061109567
1273 1061109567
1274 1061109567
1275 1061109567
1276 1061109567
1277 1061109567
1278 1061109567
1279 1061109567
1280 1061109567
1281 1061109567
1282 1061109567
1283 1061109567
1284 1061109567
1285 1061109567
1286 1061109567
1287 1061109567
1288 1061109567
1289 1061109567
1290 1061109567
1291 1061109567
1292 1061109567
1293 1061109567
1294 1061109567
1295 1061109567
1296 1061109567
1297 1061109567
1298 1061109567
1299 1061109567
1300 1061109567
1301 1061109567
1302 1061109567
1303 1061109567
1304 1061109567
1305 1061109567
1306 1061109567
1307 1061109567
1308 1061109567
1309 1061109567
1310 1061109567
1311 1061109567
1312 1061109567
1313 1061109567
1314 1061109567
1315 1061109567
1316 1061109567
1317 1061109567
1318 1061109567
1319 1061109567
1320 1061109567
1321 1061109567
1322 1061109567
1323 1061109567
1324 1061109567
1325 1061109567
1326 1061109567
1327 1061109567
1328 1061109567
1329 1061109567
1330 1061109567
1331 1061109567
1332 1061109567
1333 1061109567
1334 1061109567
1335 1061109567
1336 1061109567
1337 1061109567
1338 1061109567
1339 1061109567
1340 1061109567
1341 1061109567
1342 1061109567
1343 1061109567
1344 1061109567
1345 1061109567
1346 1061109567
1347 1061109567
1348 1061109567
1349 1061109567
1350 1061109567
1351 1061109567
1352 1061109567
1353 1061109567
1354 1061109567
1355 1061109567
1356 1061109567
1357 1061109567
1358 1061109567
1359 1061109567
1360 1061109567
1361 1061109567
1362 1061109567
1363 1061109567
1364 1061109567
1365 1061109567
1366 1061109567
1367 1061109567
1368 1061109567
1369 1061109567
1370 1061109567
1371 1061109567
1372 1061109567
1373 1061109567
1374 1061109567
1375 1061109567
1376 1061109567
1377 1061109567
1378 1061109567
1379 1061109567
1380 1061109567
1381 1061109567
1382 1061109567
1383 1061109567
1384 1061109567
1385 1061109567
1386 1061109567
1387 1061109567
1388 1061109567
1389 1061109567
1390 1061109567
1391 1061109567
1392 1061109567
1393 1061109567
1394 1061109567
1395 1061109567
1396 1061109567
1397 1061109567
1398 1061109567
1399 1061109567
1400 1061109567
1401 1061109567
1402 1061109567
1403 1061109567
1404 1061109567
1405 1061109567
1406 1061109567
1407 1061109567
1408 1061109567
1409 1061109567
1410 1061109567
1411 1061109567
1412 1061109567
1413 1061109567
1414 1061109567
1415 1061109567
1416 1061109567
1417 1061109567
1418 1061109567
1419 1061109567
1420 1061109567
1421 1061109567
1422 1061109567
1423 1061109567
1424 1061109567
1425 1061109567
1426 1061109567
1427 1061109567
1428 1061109567
1429 1061109567
1430 1061109567
1431 1061109567
1432 1061109567
1433 1061109567
1434 1061109567
1435 1061109567
1436 1061109567
1437 1061109567
1438 1061109567
1439 1061109567
1440 1061109567
1441 1061109567
1442 1061109567
1443 1061109567
1444 1061109567
1445 1061109567
1446 1061109567
1447 1061109567
1448 1061109567
1449 1061109567
1450 1061109567
1451 1061109567
1452 1061109567
1453 1061109567
1454 1061109567
1455 1061109567
1456 1061109567
1457 1061109567
1458 1061109567
1459 1061109567
1460 1061109567
1461 1061109567
1462 1061109567
1463 1061109567
1464 1061109567
1465 1061109567
1466 1061109567
1467 1061109567
1468 1061109567
1469 1061109567
1470 1061109567
1471 1061109567
1472 1061109567
1473 1061109567
1474 1061109567
1475 1061109567
1476 1061109567
1477 1061109567
1478 1061109567
1479 1061109567
1480 1061109567
1481 1061109567
1482 1061109567
1483 1061109567
1484 1061109567
1485 1061109567
1486 1061109567
1487 1061109567
1488 1061109567
1489 1061109567
1490 1061109567
1491 1061109567
1492 1061109567
1493 1061109567
1494 1061109567
1495 1061109567
1496 1061109567
1497 1061109567
1498 1061109567
1499 1061109567
1500 1061109567
1501 1061109567
1502 1061109567
1503 1061109567
1504 1061109567
1505 1061109567
1506 1061109567
1507 1061109567
1508 1061109567
1509 1061109567
1510 1061109567
1511 1061109567
1512 1061109567
1513 1061109567
1514 1061109567
1515 1061109567
1516 1061109567
1517 1061109567
1518 1061109567
1519 1061109567
1520 1061109567
1521 1061109567
1522 1061109567
1523 1061109567
1524 1061109567
1525 1061109567
1526 1061109567
1527 1061109567
1528 1061109567
1529 1061109567
1530 1061109567
1531 1061109567
1532 1061109567
1533 1061109567
1534 1061109567
1535 1061109567
1536 1061109567
1537 1061109567
1538 1061109567
1539 1061109567
1540 1061109567
1541 1061109567
1542 1061109567
1543 1061109567
1544 1061109567
1545 1061109567
1546 1061109567
1547 1061109567
1548 1061109567
1549 1061109567
1550 1061109567
1551 1061109567
1552 1061109567
1553 1061109567
1554 1061109567
1555 1061109567
1556 1061109567
1557 1061109567
1558 1061109567
1559 1061109567
1560 1061109567
1561 1061109567
1562 1061109567
1563 1061109567
1564 1061109567
1565 1061109567
1566 1061109567
1567 1061109567
1568 1061109567
1569 1061109567
1570 1061109567
1571 1061109567
1572 1061109567
1573 1061109567
1574 1061109567
1575 1061109567
1576 1061109567
1577 1061109567
1578 1061109567
1579 1061109567
1580 1061109567
1581 1061109567
1582 1061109567
1583 1061109567
1584 1061109567
1585 1061109567
1586 1061109567
1587 1061109567
1588 1061109567
1589 1061109567
1590 1061109567
1591 1061109567
1592 1061109567
1593 1061109567
1594 1061109567
1595 1061109567
1596 1061109567
1597 1061109567
1598 1061109567
1599 1061109567
1600 1061109567
1601 1061109567
1602 1061109567
1603 1061109567
1604 1061109567
1605 1061109567
1606 1061109567
1607 1061109567
1608 1061109567
1609 1061109567
1610 1061109567
1611 1061109567
1612 1061109567
1613 1061109567
1614 1061109567
1615 1061109567
1616 1061109567
1617 1061109567
1618 1061109567
1619 1061109567
1620 1061109567
1621 1061109567
1622 1061109567
1623 1061109567
1624 1061109567
1625 1061109567
1626 1061109567
1627 1061109567
1628 1061109567
1629 1061109567
1630 1061109567
1631 1061109567
1632 1061109567
1633 1061109567
1634 1061109567
1635 1061109567
1636 1061109567
1637 1061109567
1638 1061109567
1639 1061109567
1640 1061109567
1641 1061109567
1642 1061109567
1643 1061109567
1644 1061109567
1645 1061109567
1646 1061109567
1647 1061109567
1648 1061109567
1649 1061109567
1650 1061109567
1651 1061109567
1652 1061109567
1653 1061109567
1654 1061109567
1655 1061109567
1656 1061109567
1657 1061109567
1658 1061109567
1659 1061109567
1660 1061109567
1661 1061109567
1662 1061109567
1663 1061109567
1664 1061109567
1665 1061109567
1666 1061109567
1667 1061109567
1668 1061109567
1669 1061109567
1670 1061109567
1671 1061109567
1672 1061109567
1673 1061109567
1674 1061109567
1675 1061109567
1676 1061109567
1677 1061109567
1678 1061109567
1679 1061109567
1680 1061109567
1681 1061109567
1682 1061109567
1683 1061109567
1684 1061109567
1685 1061109567
1686 1061109567
1687 1061109567
1688 1061109567
1689 1061109567
1690 1061109567
1691 1061109567
1692 1061109567
1693 1061109567
1694 1061109567
1695 1061109567
1696 1061109567
1697 1061109567
1698 1061109567
1699 1061109567
1700 1061109567
1701 1061109567
1702 1061109567
1703 1061109567
1704 1061109567
1705 1061109567
1706 1061109567
1707 1061109567
1708 1061109567
1709 1061109567
1710 1061109567
1711 1061109567
1712 1061109567
1713 1061109567
1714 1061109567
1715 1061109567
1716 1061109567
1717 1061109567
1718 1061109567
1719 1061109567
1720 1061109567
1721 1061109567
1722 1061109567
1723 1061109567
1724 1061109567
1725 1061109567
1726 1061109567
1727 1061109567
1728 1061109567
1729 1061109567
1730 1061109567
1731 1061109567
1732 1061109567
1733 1061109567
1734 1061109567
1735 1061109567
1736 1061109567
1737 1061109567
1738 1061109567
1739 1061109567
1740 1061109567
1741 1061109567
1742 1061109567
1743 1061109567
1744 1061109567
1745 1061109567
1746 1061109567
1747 1061109567
1748 1061109567
1749 1061109567
1750 1061109567
1751 1061109567
1752 1061109567
1753 1061109567
1754 1061109567
1755 1061109567
1756 1061109567
1757 1061109567
1758 1061109567
1759 1061109567
1760 1061109567
1761 1061109567
1762 1061109567
1763 1061109567
1764 1061109567
1765 1061109567
1766 1061109567
1767 1061109567
1768 1061109567
1769 1061109567
1770 1061109567
1771 1061109567
1772 1061109567
1773 1061109567
1774 1061109567
1775 1061109567
1776 1061109567
1777 1061109567
1778 1061109567
1779 1061109567
1780 1061109567
1781 1061109567
1782 1061109567
1783 1061109567
1784 1061109567
1785 1061109567
1786 1061109567
1787 1061109567
1788 1061109567
1789 1061109567
1790 1061109567
1791 1061109567
1792 1061109567
1793 1061109567
1794 1061109567
1795 1061109567
1796 1061109567
1797 1061109567
1798 1061109567
1799 1061109567
1800 1061109567
1801 1061109567
1802 1061109567
1803 1061109567
1804 1061109567
1805 1061109567
1806 1061109567
1807 1061109567
1808 1061109567
1809 1061109567
1810 1061109567
1811 1061109567
1812 1061109567
1813 1061109567
1814 1061109567
1815 1061109567
1816 1061109567
1817 1061109567
1818 1061109567
1819 1061109567
1820 1061109567
1821 1061109567
1822 1061109567
1823 1061109567
1824 1061109567
1825 1061109567
1826 1061109567
1827 1061109567
1828 1061109567
1829 1061109567
1830 1061109567
1831 1061109567
1832 1061109567
1833 1061109567
1834 1061109567
1835 1061109567
1836 1061109567
1837 1061109567
1838 1061109567
1839 1061109567
1840 1061109567
1841 1061109567
1842 1061109567
1843 1061109567
1844 1061109567
1845 1061109567
1846 1061109567
1847 1061109567
1848 1061109567
1849 1061109567
1850 1061109567
1851 1061109567
1852 1061109567
1853 1061109567
1854 1061109567
1855 1061109567
1856 1061109567
1857 1061109567
1858 1061109567
1859 1061109567
1860 1061109567
1861 1061109567
1862 1061109567
1863 1061109567
1864 1061109567
1865 1061109567
1866 1061109567
1867 1061109567
1868 1061109567
1869 1061109567
1870 1061109567
1871 1061109567
1872 1061109567
1873 1061109567
1874 1061109567
1875 1061109567
1876 1061109567
1877 1061109567
1878 1061109567
1879 1061109567
1880 1061109567
1881 1061109567
1882 1061109567
1883 1061109567
1884 1061109567
1885 1061109567
1886 1061109567
1887 1061109567
1888 1061109567
1889 1061109567
1890 1061109567
1891 1061109567
1892 1061109567
1893 1061109567
1894 1061109567
1895 1061109567
1896 1061109567
1897 1061109567
1898 1061109567
1899 1061109567
1900 1061109567
1901 1061109567
1902 1061109567
1903 1061109567
1904 1061109567
1905 1061109567
1906 1061109567
1907 1061109567
1908 1061109567
1909 1061109567
1910 1061109567
1911 1061109567
1912 1061109567
1913 1061109567
1914 1061109567
1915 1061109567
1916 1061109567
1917 1061109567
1918 1061109567
1919 1061109567
1920 1061109567
1921 1061109567
1922 1061109567
1923 1061109567
1924 1061109567
1925 1061109567
1926 1061109567
1927 1061109567
1928 1061109567
1929 1061109567
1930 1061109567
1931 1061109567
1932 1061109567
1933 1061109567
1934 1061109567
1935 1061109567
1936 1061109567
1937 1061109567
1938 1061109567
1939 1061109567
1940 1061109567
1941 1061109567
1942 1061109567
1943 1061109567
1944 1061109567
1945 1061109567
1946 1061109567
1947 1061109567
1948 1061109567
1949 1061109567
1950 1061109567
1951 1061109567
1952 1061109567
1953 1061109567
1954 1061109567
1955 1061109567
1956 1061109567
1957 1061109567
1958 1061109567
1959 1061109567
1960 1061109567
1961 1061109567
1962 1061109567
1963 1061109567
1964 1061109567
1965 1061109567
1966 1061109567
1967 1061109567
1968 1061109567
1969 1061109567
1970 1061109567
1971 1061109567
1972 1061109567
1973 1061109567
1974 1061109567
1975 1061109567
1976 1061109567
1977 1061109567
1978 1061109567
1979 1061109567
1980 1061109567
1981 1061109567
1982 1061109567
1983 1061109567
1984 1061109567
1985 1061109567
1986 1061109567
1987 1061109567
1988 1061109567
1989 1061109567
1990 1061109567
1991 1061109567
1992 1061109567
1993 1061109567
1994 1061109567
1995 1061109567
1996 1061109567
1997 1061109567
1998 1061109567
1999 1061109567
2000 1061109567
2001 1061109567
2002 1061109567
2003 1061109567
2004 1061109567
2005 1061109567
2006 1061109567
2007 1061109567
2008 1061109567
2009 1061109567
2010 1061109567
2011 1061109567
2012 1061109567
2013 1061109567
2014 1061109567
2015 1061109567
2016 1061109567
2017 1061109567
2018 1061109567
2019 1061109567
2020 1061109567
2021 1061109567
2022 1061109567
2023 1061109567
2024 1061109567
2025 1061109567
2026 1061109567
2027 1061109567
2028 1061109567
2029 1061109567
2030 1061109567
2031 1061109567
2032 1061109567
2033 1061109567
2034 1061109567
2035 1061109567
2036 1061109567
2037 1061109567
2038 1061109567
2039 1061109567
2040 1061109567
2041 1061109567
2042 1061109567
2043 1061109567
2044 1061109567
2045 1061109567
2046 1061109567
2047 1061109567
2048 1061109567
2049 1061109567
2050 1061109567
2051 1061109567
2052 1061109567
2053 1061109567
2054 1061109567
2055 1061109567
2056 1061109567
2057 1061109567
2058 1061109567
2059 1061109567
2060 1061109567
2061 1061109567
2062 1061109567
2063 1061109567
2064 1061109567
2065 1061109567
2066 1061109567
2067 1061109567
2068 1061109567
2069 1061109567
2070 1061109567
2071 1061109567
2072 1061109567
2073 1061109567
2074 1061109567
2075 1061109567
2076 1061109567
2077 1061109567
2078 1061109567
2079 1061109567
2080 1061109567
2081 1061109567
2082 1061109567
2083 1061109567
2084 1061109567
2085 1061109567
2086 1061109567
2087 1061109567
2088 1061109567
2089 1061109567
2090 1061109567
2091 1061109567
2092 1061109567
2093 1061109567
2094 1061109567
2095 1061109567
2096 1061109567
2097 1061109567
2098 1061109567
2099 1061109567
2100 1061109567
2101 1061109567
2102 1061109567
2103 1061109567
2104 1061109567
2105 1061109567
2106 1061109567
2107 1061109567
2108 1061109567
2109 1061109567
2110 1061109567
2111 1061109567
2112 1061109567
2113 1061109567
2114 1061109567
2115 1061109567
2116 1061109567
2117 1061109567
2118 1061109567
2119 1061109567
2120 1061109567
2121 1061109567
2122 1061109567
2123 1061109567
2124 1061109567
2125 1061109567
2126 1061109567
2127 1061109567
2128 1061109567
2129 1061109567
2130 1061109567
2131 1061109567
2132 1061109567
2133 1061109567
2134 1061109567
2135 1061109567
2136 1061109567
2137 1061109567
2138 1061109567
2139 1061109567
2140 1061109567
2141 1061109567
2142 1061109567
2143 1061109567
2144 1061109567
2145 1061109567
2146 1061109567
2147 1061109567
2148 1061109567
2149 1061109567
2150 1061109567
2151 1061109567
2152 1061109567
2153 1061109567
2154 1061109567
2155 1061109567
2156 1061109567
2157 1061109567
2158 1061109567
2159 1061109567
2160 1061109567
2161 1061109567
2162 1061109567
2163 1061109567
2164 1061109567
2165 1061109567
2166 1061109567
2167 1061109567
2168 1061109567
2169 1061109567
2170 1061109567
2171 1061109567
2172 1061109567
2173 1061109567
2174 1061109567
2175 1061109567
2176 1061109567
2177 1061109567
2178 1061109567
2179 1061109567
2180 1061109567
2181 1061109567
2182 1061109567
2183 1061109567
2184 1061109567
2185 1061109567
2186 1061109567
2187 1061109567
2188 1061109567
2189 1061109567
2190 1061109567
2191 1061109567
2192 1061109567
2193 1061109567
2194 1061109567
2195 1061109567
2196 1061109567
2197 1061109567
2198 1061109567
2199 1061109567
2200 1061109567
2201 1061109567
2202 1061109567
2203 1061109567
2204 1061109567
2205 1061109567
2206 1061109567
2207 1061109567
2208 1061109567
2209 1061109567
2210 1061109567
2211 1061109567
2212 1061109567
2213 1061109567
2214 1061109567
2215 1061109567
2216 1061109567
2217 1061109567
2218 1061109567
2219 1061109567
2220 1061109567
2221 1061109567
2222 1061109567
2223 1061109567
2224 1061109567
2225 1061109567
2226 1061109567
2227 1061109567
2228 1061109567
2229 1061109567
2230 1061109567
2231 1061109567
2232 1061109567
2233 1061109567
2234 1061109567
2235 1061109567
2236 1061109567
2237 1061109567
2238 1061109567
2239 1061109567
2240 1061109567
2241 1061109567
2242 1061109567
2243 1061109567
2244 1061109567
2245 1061109567
2246 1061109567
2247 1061109567
2248 1061109567
2249 1061109567
2250 1061109567
2251 1061109567
2252 1061109567
2253 1061109567
2254 1061109567
2255 1061109567
2256 1061109567
2257 1061109567
2258 1061109567
2259 1061109567
2260 1061109567
2261 1061109567
2262 1061109567
2263 1061109567
2264 1061109567
2265 1061109567
2266 1061109567
2267 1061109567
2268 1061109567
2269 1061109567
2270 1061109567
2271 1061109567
2272 1061109567
2273 1061109567
2274 1061109567
2275 1061109567
2276 1061109567
2277 1061109567
2278 1061109567
2279 1061109567
2280 1061109567
2281 1061109567
2282 1061109567
2283 1061109567
2284 1061109567
2285 1061109567
2286 1061109567
2287 1061109567
2288 1061109567
2289 1061109567
2290 1061109567
2291 1061109567
2292 1061109567
2293 1061109567
2294 1061109567
2295 1061109567
2296 1061109567
2297 1061109567
2298 1061109567
2299 1061109567
2300 1061109567
2301 1061109567
2302 1061109567
2303 1061109567
2304 1061109567
2305 1061109567
2306 1061109567
2307 1061109567
2308 1061109567
2309 1061109567
2310 1061109567
2311 1061109567
2312 1061109567
2313 1061109567
2314 1061109567
2315 1061109567
2316 1061109567
2317 1061109567
2318 1061109567
2319 1061109567
2320 1061109567
2321 1061109567
2322 1061109567
2323 1061109567
2324 1061109567
2325 1061109567
2326 1061109567
2327 1061109567
2328 1061109567
2329 1061109567
2330 1061109567
2331 1061109567
2332 1061109567
2333 1061109567
2334 1061109567
2335 1061109567
2336 1061109567
2337 1061109567
2338 1061109567
2339 1061109567
2340 1061109567
2341 1061109567
2342 1061109567
2343 1061109567
2344 1061109567
2345 1061109567
2346 1061109567
2347 1061109567
2348 1061109567
2349 1061109567
2350 1061109567
2351 1061109567
2352 1061109567
2353 1061109567
2354 1061109567
2355 1061109567
2356 1061109567
2357 1061109567
2358 1061109567
2359 1061109567
2360 1061109567
2361 1061109567
2362 1061109567
2363 1061109567
2364 1061109567
2365 1061109567
2366 1061109567
2367 1061109567
2368 1061109567
2369 1061109567
2370 1061109567
2371 1061109567
2372 1061109567
2373 1061109567
2374 1061109567
2375 1061109567
2376 1061109567
2377 1061109567
2378 1061109567
2379 1061109567
2380 1061109567
2381 1061109567
2382 1061109567
2383 1061109567
2384 1061109567
2385 1061109567
2386 1061109567
2387 1061109567
2388 1061109567
2389 1061109567
2390 1061109567
2391 1061109567
2392 1061109567
2393 1061109567
2394 1061109567
2395 1061109567
2396 1061109567
2397 1061109567
2398 1061109567
2399 1061109567
2400 1061109567
2401 1061109567
2402 1061109567
2403 1061109567
2404 1061109567
2405 1061109567
2406 1061109567
2407 1061109567
2408 1061109567
2409 1061109567
2410 1061109567
2411 1061109567
2412 1061109567
2413 1061109567
2414 1061109567
2415 1061109567
2416 1061109567
2417 1061109567
2418 1061109567
2419 1061109567
2420 1061109567
2421 1061109567
2422 1061109567
2423 1061109567
2424 1061109567
2425 1061109567
2426 1061109567
2427 1061109567
2428 1061109567
2429 1061109567
2430 1061109567
2431 1061109567
2432 1061109567
2433 1061109567
2434 1061109567
2435 1061109567
2436 1061109567
2437 1061109567
2438 1061109567
2439 1061109567
2440 1061109567
2441 1061109567
2442 1061109567
2443 1061109567
2444 1061109567
2445 1061109567
2446 1061109567
2447 1061109567
2448 1061109567
2449 1061109567
2450 1061109567
2451 1061109567
2452 1061109567
2453 1061109567
2454 1061109567
2455 1061109567
2456 1061109567
2457 1061109567
2458 1061109567
2459 1061109567
2460 1061109567
2461 1061109567
2462 1061109567
2463 1061109567
2464 1061109567
2465 1061109567
2466 1061109567
2467 1061109567
2468 1061109567
2469 1061109567
2470 1061109567
2471 1061109567
2472 1061109567
2473 1061109567
2474 1061109567
2475 1061109567
2476 1061109567
2477 1061109567
2478 1061109567
2479 1061109567
2480 1061109567
2481 1061109567
2482 1061109567
2483 1061109567
2484 1061109567
2485 1061109567
2486 1061109567
2487 1061109567
2488 1061109567
2489 1061109567
2490 1061109567
2491 1061109567
2492 1061109567
2493 1061109567
2494 1061109567
2495 1061109567
2496 1061109567
2497 1061109567
2498 1061109567
2499 1061109567
2500 1061109567
2501 1061109567
2502 1061109567
2503 1061109567
2504 1061109567
2505 1061109567
2506 1061109567
2507 1061109567
2508 1061109567
2509 1061109567
2510 1061109567
2511 1061109567
2512 1061109567
2513 1061109567
2514 1061109567
2515 1061109567
2516 1061109567
2517 1061109567
2518 1061109567
2519 1061109567
2520 1061109567
2521 1061109567
2522 1061109567
2523 1061109567
2524 1061109567
2525 1061109567
2526 1061109567
2527 1061109567
2528 1061109567
2529 1061109567
2530 1061109567
2531 1061109567
2532 1061109567
2533 1061109567
2534 1061109567
2535 1061109567
2536 1061109567
2537 1061109567
2538 1061109567
2539 1061109567
2540 1061109567
2541 1061109567
2542 1061109567
2543 1061109567
2544 1061109567
2545 1061109567
2546 1061109567
2547 1061109567
2548 1061109567
2549 1061109567
2550 1061109567
2551 1061109567
2552 1061109567
2553 1061109567
2554 1061109567
2555 1061109567
2556 1061109567
2557 1061109567
2558 1061109567
2559 1061109567
2560 1061109567
2561 1061109567
2562 1061109567
2563 1061109567
2564 1061109567
2565 1061109567
2566 1061109567
2567 1061109567
2568 1061109567
2569 1061109567
2570 1061109567
2571 1061109567
2572 1061109567
2573 1061109567
2574 1061109567
2575 1061109567
2576 1061109567
2577 1061109567
2578 1061109567
2579 1061109567
2580 1061109567
2581 1061109567
2582 1061109567
2583 1061109567
2584 1061109567
2585 1061109567
2586 1061109567
2587 1061109567
2588 1061109567
2589 1061109567
2590 1061109567
2591 1061109567
2592 1061109567
2593 1061109567
2594 1061109567
2595 1061109567
2596 1061109567
2597 1061109567
2598 1061109567
2599 1061109567
2600 1061109567
2601 1061109567
2602 1061109567
2603 1061109567
2604 1061109567
2605 1061109567
2606 1061109567
2607 1061109567
2608 1061109567
2609 1061109567
2610 1061109567
2611 1061109567
2612 1061109567
2613 1061109567
2614 1061109567
2615 1061109567
2616 1061109567
2617 1061109567
2618 1061109567
2619 1061109567
2620 1061109567
2621 1061109567
2622 1061109567
2623 1061109567
2624 1061109567
2625 1061109567
2626 1061109567
2627 1061109567
2628 1061109567
2629 1061109567
2630 1061109567
2631 1061109567
2632 1061109567
2633 1061109567
2634 1061109567
2635 1061109567
2636 1061109567
2637 1061109567
2638 1061109567
2639 1061109567
2640 1061109567
2641 1061109567
2642 1061109567
2643 1061109567
2644 1061109567
2645 1061109567
2646 1061109567
2647 1061109567
2648 1061109567
2649 1061109567
2650 1061109567
2651 1061109567
2652 1061109567
2653 1061109567
2654 1061109567
2655 1061109567
2656 1061109567
2657 1061109567
2658 1061109567
2659 1061109567
2660 1061109567
2661 1061109567
2662 1061109567
2663 1061109567
2664 1061109567
2665 1061109567
2666 1061109567
2667 1061109567
2668 1061109567
2669 1061109567
2670 1061109567
2671 1061109567
2672 1061109567
2673 1061109567
2674 1061109567
2675 1061109567
2676 1061109567
2677 1061109567
2678 1061109567
2679 1061109567
2680 1061109567
2681 1061109567
2682 1061109567
2683 1061109567
2684 1061109567
2685 1061109567
2686 1061109567
2687 1061109567
2688 1061109567
2689 1061109567
2690 1061109567
2691 1061109567
2692 1061109567
2693 1061109567
2694 1061109567
2695 1061109567
2696 1061109567
2697 1061109567
2698 1061109567
2699 1061109567
2700 1061109567
2701 1061109567
2702 1061109567
2703 1061109567
2704 1061109567
2705 1061109567
2706 1061109567
2707 1061109567
2708 1061109567
2709 1061109567
2710 1061109567
2711 1061109567
2712 1061109567
2713 1061109567
2714 1061109567
2715 1061109567
2716 1061109567
2717 1061109567
2718 1061109567
2719 1061109567
2720 1061109567
2721 1061109567
2722 1061109567
2723 1061109567
2724 1061109567
2725 1061109567
2726 1061109567
2727 1061109567
2728 1061109567
2729 1061109567
2730 1061109567
2731 1061109567
2732 1061109567
2733 1061109567
2734 1061109567
2735 1061109567
2736 1061109567
2737 1061109567
2738 1061109567
2739 1061109567
2740 1061109567
2741 1061109567
2742 1061109567
2743 1061109567
2744 1061109567
2745 1061109567
2746 1061109567
2747 1061109567
2748 1061109567
2749 1061109567
2750 1061109567
2751 1061109567
2752 1061109567
2753 1061109567
2754 1061109567
2755 1061109567
2756 1061109567
2757 1061109567
2758 1061109567
2759 1061109567
2760 1061109567
2761 1061109567
2762 1061109567
2763 1061109567
2764 1061109567
2765 1061109567
2766 1061109567
2767 1061109567
2768 1061109567
2769 1061109567
2770 1061109567
2771 1061109567
2772 1061109567
2773 1061109567
2774 1061109567
2775 1061109567
2776 1061109567
2777 1061109567
2778 1061109567
2779 1061109567
2780 1061109567
2781 1061109567
2782 1061109567
2783 1061109567
2784 1061109567
2785 1061109567
2786 1061109567
2787 1061109567
2788 1061109567
2789 1061109567
2790 1061109567
2791 1061109567
2792 1061109567
2793 1061109567
2794 1061109567
2795 1061109567
2796 1061109567
2797 1061109567
2798 1061109567
2799 1061109567
2800 1061109567
2801 1061109567
2802 1061109567
2803 1061109567
2804 1061109567
2805 1061109567
2806 1061109567
2807 1061109567
2808 1061109567
2809 1061109567
2810 1061109567
2811 1061109567
2812 1061109567
2813 1061109567
2814 1061109567
2815 1061109567
2816 1061109567
2817 1061109567
2818 1061109567
2819 1061109567
2820 1061109567
2821 1061109567
2822 1061109567
2823 1061109567
2824 1061109567
2825 1061109567
2826 1061109567
2827 1061109567
2828 1061109567
2829 1061109567
2830 1061109567
2831 1061109567
2832 1061109567
2833 1061109567
2834 1061109567
2835 1061109567
2836 1061109567
2837 1061109567
2838 1061109567
2839 1061109567
2840 1061109567
2841 1061109567
2842 1061109567
2843 1061109567
2844 1061109567
2845 1061109567
2846 1061109567
2847 1061109567
2848 1061109567
2849 1061109567
2850 1061109567
2851 1061109567
2852 1061109567
2853 1061109567
2854 1061109567
2855 1061109567
2856 1061109567
2857 1061109567
2858 1061109567
2859 1061109567
2860 1061109567
2861 1061109567
2862 1061109567
2863 1061109567
2864 1061109567
2865 1061109567
2866 1061109567
2867 1061109567
2868 1061109567
2869 1061109567
2870 1061109567
2871 1061109567
2872 1061109567
2873 1061109567
2874 1061109567
2875 1061109567
2876 1061109567
2877 1061109567
2878 1061109567
2879 1061109567
2880 1061109567
2881 1061109567
2882 1061109567
2883 1061109567
2884 1061109567
2885 1061109567
2886 1061109567
2887 1061109567
2888 1061109567
2889 1061109567
2890 1061109567
2891 1061109567
2892 1061109567
2893 1061109567
2894 1061109567
2895 1061109567
2896 1061109567
2897 1061109567
2898 1061109567
2899 1061109567
2900 1061109567
2901 1061109567
2902 1061109567
2903 1061109567
2904 1061109567
2905 1061109567
2906 1061109567
2907 1061109567
2908 1061109567
2909 1061109567
2910 1061109567
2911 1061109567
2912 1061109567
2913 1061109567
2914 1061109567
2915 1061109567
2916 1061109567
2917 1061109567
2918 1061109567
2919 1061109567
2920 1061109567
2921 1061109567
2922 1061109567
2923 1061109567
2924 1061109567
2925 1061109567
2926 1061109567
2927 1061109567
2928 1061109567
2929 1061109567
2930 1061109567
2931 1061109567
2932 1061109567
2933 1061109567
2934 1061109567
2935 1061109567
2936 1061109567
2937 1061109567
2938 1061109567
2939 1061109567
2940 1061109567
2941 1061109567
2942 1061109567
2943 1061109567
2944 1061109567
2945 1061109567
2946 1061109567
2947 1061109567
2948 1061109567
2949 1061109567
2950 1061109567
2951 1061109567
2952 1061109567
2953 1061109567
2954 1061109567
2955 1061109567
2956 1061109567
2957 1061109567
2958 1061109567
2959 1061109567
2960 1061109567
2961 1061109567
2962 1061109567
2963 1061109567
2964 1061109567
2965 1061109567
2966 1061109567
2967 1061109567
2968 1061109567
2969 1061109567
2970 1061109567
2971 1061109567
2972 1061109567
2973 1061109567
2974 1061109567
2975 1061109567
2976 1061109567
2977 1061109567
2978 1061109567
2979 1061109567
2980 1061109567
2981 1061109567
2982 1061109567
2983 1061109567
2984 1061109567
2985 1061109567
2986 1061109567
2987 1061109567
2988 1061109567
2989 1061109567
2990 1061109567
2991 1061109567
2992 1061109567
2993 1061109567
2994 1061109567
2995 1061109567
2996 1061109567
2997 1061109567
2998 1061109567
2999 1061109567
3000 1061109567
3001 1061109567
3002 1061109567
3003 1061109567
3004 1061109567
3005 1061109567
3006 1061109567
3007 1061109567
3008 1061109567
3009 1061109567
3010 1061109567
3011 1061109567
3012 1061109567
3013 1061109567
3014 1061109567
3015 1061109567
3016 1061109567
3017 1061109567
3018 1061109567
3019 1061109567
3020 1061109567
3021 1061109567
3022 1061109567
3023 1061109567
3024 1061109567
3025 1061109567
3026 1061109567
3027 1061109567
3028 1061109567
3029 1061109567
3030 1061109567
3031 1061109567
3032 1061109567
3033 1061109567
3034 1061109567
3035 1061109567
3036 1061109567
3037 1061109567
3038 1061109567
3039 1061109567
3040 1061109567
3041 1061109567
3042 1061109567
3043 1061109567
3044 1061109567
3045 1061109567
3046 1061109567
3047 1061109567
3048 1061109567
3049 1061109567
3050 1061109567
3051 1061109567
3052 1061109567
3053 1061109567
3054 1061109567
3055 1061109567
3056 1061109567
3057 1061109567
3058 1061109567
3059 1061109567
3060 1061109567
3061 1061109567
3062 1061109567
3063 1061109567
3064 1061109567
3065 1061109567
3066 1061109567
3067 1061109567
3068 1061109567
3069 1061109567
3070 1061109567
3071 1061109567
3072 1061109567
3073 1061109567
3074 1061109567
3075 1061109567
3076 1061109567
3077 1061109567
3078 1061109567
3079 1061109567
3080 1061109567
3081 1061109567
3082 1061109567
3083 1061109567
3084 1061109567
3085 1061109567
3086 1061109567
3087 1061109567
3088 1061109567
3089 1061109567
3090 1061109567
3091 1061109567
3092 1061109567
3093 1061109567
3094 1061109567
3095 1061109567
3096 1061109567
3097 1061109567
3098 1061109567
3099 1061109567
3100 1061109567
3101 1061109567
3102 1061109567
3103 1061109567
3104 1061109567
3105 1061109567
3106 1061109567
3107 1061109567
3108 1061109567
3109 1061109567
3110 1061109567
3111 1061109567
3112 1061109567
3113 1061109567
3114 1061109567
3115 1061109567
3116 1061109567
3117 1061109567
3118 1061109567
3119 1061109567
3120 1061109567
3121 1061109567
3122 1061109567
3123 1061109567
3124 1061109567
3125 1061109567
3126 1061109567
3127 1061109567
3128 1061109567
3129 1061109567
3130 1061109567
3131 1061109567
3132 1061109567
3133 1061109567
3134 1061109567
3135 1061109567
3136 1061109567
3137 1061109567
3138 1061109567
3139 1061109567
3140 1061109567
3141 1061109567
3142 1061109567
3143 1061109567
3144 1061109567
3145 1061109567
3146 1061109567
3147 1061109567
3148 1061109567
3149 1061109567
3150 1061109567
3151 1061109567
3152 1061109567
3153 1061109567
3154 1061109567
3155 1061109567
3156 1061109567
3157 1061109567
3158 1061109567
3159 1061109567
3160 1061109567
3161 1061109567
3162 1061109567
3163 1061109567
3164 1061109567
3165 1061109567
3166 1061109567
3167 1061109567
3168 1061109567
3169 1061109567
3170 1061109567
3171 1061109567
3172 1061109567
3173 1061109567
3174 1061109567
3175 1061109567
3176 1061109567
3177 1061109567
3178 1061109567
3179 1061109567
3180 1061109567
3181 1061109567
3182 1061109567
3183 1061109567
3184 1061109567
3185 1061109567
3186 1061109567
3187 1061109567
3188 1061109567
3189 1061109567
3190 1061109567
3191 1061109567
3192 1061109567
3193 1061109567
3194 1061109567
3195 1061109567
3196 1061109567
3197 1061109567
3198 1061109567
3199 1061109567
3200 1061109567
3201 1061109567
3202 1061109567
3203 1061109567
3204 1061109567
3205 1061109567
3206 1061109567
3207 1061109567
3208 1061109567
3209 1061109567
3210 1061109567
3211 1061109567
3212 1061109567
3213 1061109567
3214 1061109567
3215 1061109567
3216 1061109567
3217 1061109567
3218 1061109567
3219 1061109567
3220 1061109567
3221 1061109567
3222 1061109567
3223 1061109567
3224 1061109567
3225 1061109567
3226 1061109567
3227 1061109567
3228 1061109567
3229 1061109567
3230 1061109567
3231 1061109567
3232 1061109567
3233 1061109567
3234 1061109567
3235 1061109567
3236 1061109567
3237 1061109567
3238 1061109567
3239 1061109567
3240 1061109567
3241 1061109567
3242 1061109567
3243 1061109567
3244 1061109567
3245 1061109567
3246 1061109567
3247 1061109567
3248 1061109567
3249 1061109567
3250 1061109567
3251 1061109567
3252 1061109567
3253 1061109567
3254 1061109567
3255 1061109567
3256 1061109567
3257 1061109567
3258 1061109567
3259 1061109567
3260 1061109567
3261 1061109567
3262 1061109567
3263 1061109567
3264 1061109567
3265 1061109567
3266 1061109567
3267 1061109567
3268 1061109567
3269 1061109567
3270 1061109567
3271 1061109567
3272 1061109567
3273 1061109567
3274 1061109567
3275 1061109567
3276 1061109567
3277 1061109567
3278 1061109567
3279 1061109567
3280 1061109567
3281 1061109567
3282 1061109567
3283 1061109567
3284 1061109567
3285 1061109567
3286 1061109567
3287 1061109567
3288 1061109567
3289 1061109567
3290 1061109567
3291 1061109567
3292 1061109567
3293 1061109567
3294 1061109567
3295 1061109567
3296 1061109567
3297 1061109567
3298 1061109567
3299 1061109567
3300 1061109567
3301 1061109567
3302 1061109567
3303 1061109567
3304 1061109567
3305 1061109567
3306 1061109567
3307 1061109567
3308 1061109567
3309 1061109567
3310 1061109567
3311 1061109567
3312 1061109567
3313 1061109567
3314 1061109567
3315 1061109567
3316 1061109567
3317 1061109567
3318 1061109567
3319 1061109567
3320 1061109567
3321 1061109567
3322 1061109567
3323 1061109567
3324 1061109567
3325 1061109567
3326 1061109567
3327 1061109567
3328 1061109567
3329 1061109567
3330 1061109567
3331 1061109567
3332 1061109567
3333 1061109567
3334 1061109567
3335 1061109567
3336 1061109567
3337 1061109567
3338 1061109567
3339 1061109567
3340 1061109567
3341 1061109567
3342 1061109567
3343 1061109567
3344 1061109567
3345 1061109567
3346 1061109567
3347 1061109567
3348 1061109567
3349 1061109567
3350 1061109567
3351 1061109567
3352 1061109567
3353 1061109567
3354 1061109567
3355 1061109567
3356 1061109567
3357 1061109567
3358 1061109567
3359 1061109567
3360 1061109567
3361 1061109567
3362 1061109567
3363 1061109567
3364 1061109567
3365 1061109567
3366 1061109567
3367 1061109567
3368 1061109567
3369 1061109567
3370 1061109567
3371 1061109567
3372 1061109567
3373 1061109567
3374 1061109567
3375 1061109567
3376 1061109567
3377 1061109567
3378 1061109567
3379 1061109567
3380 1061109567
3381 1061109567
3382 1061109567
3383 1061109567
3384 1061109567
3385 1061109567
3386 1061109567
3387 1061109567
3388 1061109567
3389 1061109567
3390 1061109567
3391 1061109567
3392 1061109567
3393 1061109567
3394 1061109567
3395 1061109567
3396 1061109567
3397 1061109567
3398 1061109567
3399 1061109567
3400 1061109567
3401 1061109567
3402 1061109567
3403 1061109567
3404 1061109567
3405 1061109567
3406 1061109567
3407 1061109567
3408 1061109567
3409 1061109567
3410 1061109567
3411 1061109567
3412 1061109567
3413 1061109567
3414 1061109567
3415 1061109567
3416 1061109567
3417 1061109567
3418 1061109567
3419 1061109567
3420 1061109567
3421 1061109567
3422 1061109567
3423 1061109567
3424 1061109567
3425 1061109567
3426 1061109567
3427 1061109567
3428 1061109567
3429 1061109567
3430 1061109567
3431 1061109567
3432 1061109567
3433 1061109567
3434 1061109567
3435 1061109567
3436 1061109567
3437 1061109567
3438 1061109567
3439 1061109567
3440 1061109567
3441 1061109567
3442 1061109567
3443 1061109567
3444 1061109567
3445 1061109567
3446 1061109567
3447 1061109567
3448 1061109567
3449 1061109567
3450 1061109567
3451 1061109567
3452 1061109567
3453 1061109567
3454 1061109567
3455 1061109567
3456 1061109567
3457 1061109567
3458 1061109567
3459 1061109567
3460 1061109567
3461 1061109567
3462 1061109567
3463 1061109567
3464 1061109567
3465 1061109567
3466 1061109567
3467 1061109567
3468 1061109567
3469 1061109567
3470 1061109567
3471 1061109567
3472 1061109567
3473 1061109567
3474 1061109567
3475 1061109567
3476 1061109567
3477 1061109567
3478 1061109567
3479 1061109567
3480 1061109567
3481 1061109567
3482 1061109567
3483 1061109567
3484 1061109567
3485 1061109567
3486 1061109567
3487 1061109567
3488 1061109567
3489 1061109567
3490 1061109567
3491 1061109567
3492 1061109567
3493 1061109567
3494 1061109567
3495 1061109567
3496 1061109567
3497 1061109567
3498 1061109567
3499 1061109567
3500 1061109567
3501 1061109567
3502 1061109567
3503 1061109567
3504 1061109567
3505 1061109567
3506 1061109567
3507 1061109567
3508 1061109567
3509 1061109567
3510 1061109567
3511 1061109567
3512 1061109567
3513 1061109567
3514 1061109567
3515 1061109567
3516 1061109567
3517 1061109567
3518 1061109567
3519 1061109567
3520 1061109567
3521 1061109567
3522 1061109567
3523 1061109567
3524 1061109567
3525 1061109567
3526 1061109567
3527 1061109567
3528 1061109567
3529 1061109567
3530 1061109567
3531 1061109567
3532 1061109567
3533 1061109567
3534 1061109567
3535 1061109567
3536 1061109567
3537 1061109567
3538 1061109567
3539 1061109567
3540 1061109567
3541 1061109567
3542 1061109567
3543 1061109567
3544 1061109567
3545 1061109567
3546 1061109567
3547 1061109567
3548 1061109567
3549 1061109567
3550 1061109567
3551 1061109567
3552 1061109567
3553 1061109567
3554 1061109567
3555 1061109567
3556 1061109567
3557 1061109567
3558 1061109567
3559 1061109567
3560 1061109567
3561 1061109567
3562 1061109567
3563 1061109567
3564 1061109567
3565 1061109567
3566 1061109567
3567 1061109567
3568 1061109567
3569 1061109567
3570 1061109567
3571 1061109567
3572 1061109567
3573 1061109567
3574 1061109567
3575 1061109567
3576 1061109567
3577 1061109567
3578 1061109567
3579 1061109567
3580 1061109567
3581 1061109567
3582 1061109567
3583 1061109567
3584 1061109567
3585 1061109567
3586 1061109567
3587 1061109567
3588 1061109567
3589 1061109567
3590 1061109567
3591 1061109567
3592 1061109567
3593 1061109567
3594 1061109567
3595 1061109567
3596 1061109567
3597 1061109567
3598 1061109567
3599 1061109567
3600 1061109567
3601 1061109567
3602 1061109567
3603 1061109567
3604 1061109567
3605 1061109567
3606 1061109567
3607 1061109567
3608 1061109567
3609 1061109567
3610 1061109567
3611 1061109567
3612 1061109567
3613 1061109567
3614 1061109567
3615 1061109567
3616 1061109567
3617 1061109567
3618 1061109567
3619 1061109567
3620 1061109567
3621 1061109567
3622 1061109567
3623 1061109567
3624 1061109567
3625 1061109567
3626 1061109567
3627 1061109567
3628 1061109567
3629 1061109567
3630 1061109567
3631 1061109567
3632 1061109567
3633 1061109567
3634 1061109567
3635 1061109567
3636 1061109567
3637 1061109567
3638 1061109567
3639 1061109567
3640 1061109567
3641 1061109567
3642 1061109567
3643 1061109567
3644 1061109567
3645 1061109567
3646 1061109567
3647 1061109567
3648 1061109567
3649 1061109567
3650 1061109567
3651 1061109567
3652 1061109567
3653 1061109567
3654 1061109567
3655 1061109567
3656 1061109567
3657 1061109567
3658 1061109567
3659 1061109567
3660 1061109567
3661 1061109567
3662 1061109567
3663 1061109567
3664 1061109567
3665 1061109567
3666 1061109567
3667 1061109567
3668 1061109567
3669 1061109567
3670 1061109567
3671 1061109567
3672 1061109567
3673 1061109567
3674 1061109567
3675 1061109567
3676 1061109567
3677 1061109567
3678 1061109567
3679 1061109567
3680 1061109567
3681 1061109567
3682 1061109567
3683 1061109567
3684 1061109567
3685 1061109567
3686 1061109567
3687 1061109567
3688 1061109567
3689 1061109567
3690 1061109567
3691 1061109567
3692 1061109567
3693 1061109567
3694 1061109567
3695 1061109567
3696 1061109567
3697 1061109567
3698 1061109567
3699 1061109567
3700 1061109567
3701 1061109567
3702 1061109567
3703 1061109567
3704 1061109567
3705 1061109567
3706 1061109567
3707 1061109567
3708 1061109567
3709 1061109567
3710 1061109567
3711 1061109567
3712 1061109567
3713 1061109567
3714 1061109567
3715 1061109567
3716 1061109567
3717 1061109567
3718 1061109567
3719 1061109567
3720 1061109567
3721 1061109567
3722 1061109567
3723 1061109567
3724 1061109567
3725 1061109567
3726 1061109567
3727 1061109567
3728 1061109567
3729 1061109567
3730 1061109567
3731 1061109567
3732 1061109567
3733 1061109567
3734 1061109567
3735 1061109567
3736 1061109567
3737 1061109567
3738 1061109567
3739 1061109567
3740 1061109567
3741 1061109567
3742 1061109567
3743 1061109567
3744 1061109567
3745 1061109567
3746 1061109567
3747 1061109567
3748 1061109567
3749 1061109567
3750 1061109567
3751 1061109567
3752 1061109567
3753 1061109567
3754 1061109567
3755 1061109567
3756 1061109567
3757 1061109567
3758 1061109567
3759 1061109567
3760 1061109567
3761 1061109567
3762 1061109567
3763 1061109567
3764 1061109567
3765 1061109567
3766 1061109567
3767 1061109567
3768 1061109567
3769 1061109567
3770 1061109567
3771 1061109567
3772 1061109567
3773 1061109567
3774 1061109567
3775 1061109567
3776 1061109567
3777 1061109567
3778 1061109567
3779 1061109567
3780 1061109567
3781 1061109567
3782 1061109567
3783 1061109567
3784 1061109567
3785 1061109567
3786 1061109567
3787 1061109567
3788 1061109567
3789 1061109567
3790 1061109567
3791 1061109567
3792 1061109567
3793 1061109567
3794 1061109567
3795 1061109567
3796 1061109567
3797 1061109567
3798 1061109567
3799 1061109567
3800 1061109567
3801 1061109567
3802 1061109567
3803 1061109567
3804 1061109567
3805 1061109567
3806 1061109567
3807 1061109567
3808 1061109567
3809 1061109567
3810 1061109567
3811 1061109567
3812 1061109567
3813 1061109567
3814 1061109567
3815 1061109567
3816 1061109567
3817 1061109567
3818 1061109567
3819 1061109567
3820 1061109567
3821 1061109567
3822 1061109567
3823 1061109567
3824 1061109567
3825 1061109567
3826 1061109567
3827 1061109567
3828 1061109567
3829 1061109567
3830 1061109567
3831 1061109567
3832 1061109567
3833 1061109567
3834 1061109567
3835 1061109567
3836 1061109567
3837 1061109567
3838 1061109567
3839 1061109567
3840 1061109567
3841 1061109567
3842 1061109567
3843 1061109567
3844 1061109567
3845 1061109567
3846 1061109567
3847 1061109567
3848 1061109567
3849 1061109567
3850 1061109567
3851 1061109567
3852 1061109567
3853 1061109567
3854 1061109567
3855 1061109567
3856 1061109567
3857 1061109567
3858 1061109567
3859 1061109567
3860 1061109567
3861 1061109567
3862 1061109567
3863 1061109567
3864 1061109567
3865 1061109567
3866 1061109567
3867 1061109567
3868 1061109567
3869 1061109567
3870 1061109567
3871 1061109567
3872 1061109567
3873 1061109567
3874 1061109567
3875 1061109567
3876 1061109567
3877 1061109567
3878 1061109567
3879 1061109567
3880 1061109567
3881 1061109567
3882 1061109567
3883 1061109567
3884 1061109567
3885 1061109567
3886 1061109567
3887 1061109567
3888 1061109567
3889 1061109567
3890 1061109567
3891 1061109567
3892 1061109567
3893 1061109567
3894 1061109567
3895 1061109567
3896 1061109567
3897 1061109567
3898 1061109567
3899 1061109567
3900 1061109567
3901 1061109567
3902 1061109567
3903 1061109567
3904 1061109567
3905 1061109567
3906 1061109567
3907 1061109567
3908 1061109567
3909 1061109567
3910 1061109567
3911 1061109567
3912 1061109567
3913 1061109567
3914 1061109567
3915 1061109567
3916 1061109567
3917 1061109567
3918 1061109567
3919 1061109567
3920 1061109567
3921 1061109567
3922 1061109567
3923 1061109567
3924 1061109567
3925 1061109567
3926 1061109567
3927 1061109567
3928 1061109567
3929 1061109567
3930 1061109567
3931 1061109567
3932 1061109567
3933 1061109567
3934 1061109567
3935 1061109567
3936 1061109567
3937 1061109567
3938 1061109567
3939 1061109567
3940 1061109567
3941 1061109567
3942 1061109567
3943 1061109567
3944 1061109567
3945 1061109567
3946 1061109567
3947 1061109567
3948 1061109567
3949 1061109567
3950 1061109567
3951 1061109567
3952 1061109567
3953 1061109567
3954 1061109567
3955 1061109567
3956 1061109567
3957 1061109567
3958 1061109567
3959 1061109567
3960 1061109567
3961 1061109567
3962 1061109567
3963 1061109567
3964 1061109567
3965 1061109567
3966 1061109567
3967 1061109567
3968 1061109567
3969 1061109567
3970 1061109567
3971 1061109567
3972 1061109567
3973 1061109567
3974 1061109567
3975 1061109567
3976 1061109567
3977 1061109567
3978 1061109567
3979 1061109567
3980 1061109567
3981 1061109567
3982 1061109567
3983 1061109567
3984 1061109567
3985 1061109567
3986 1061109567
3987 1061109567
3988 1061109567
3989 1061109567
3990 1061109567
3991 1061109567
3992 1061109567
3993 1061109567
3994 1061109567
3995 1061109567
3996 1061109567
3997 1061109567
3998 1061109567
3999 1061109567
4000 1061109567
4001 1061109567
4002 1061109567
4003 1061109567
4004 1061109567
4005 1061109567
4006 1061109567
4007 1061109567
4008 1061109567
4009 1061109567
4010 1061109567
4011 1061109567
4012 1061109567
4013 1061109567
4014 1061109567
4015 1061109567
4016 1061109567
4017 1061109567
4018 1061109567
4019 1061109567
4020 1061109567
4021 1061109567
4022 1061109567
4023 1061109567
4024 1061109567
4025 1061109567
4026 1061109567
4027 1061109567
4028 1061109567
4029 1061109567
4030 1061109567
4031 1061109567
4032 1061109567
4033 1061109567
4034 1061109567
4035 1061109567
4036 1061109567
4037 1061109567
4038 1061109567
